2015-12-28 10:44:46
Rand	HA	MA	FM	Jaccard
0.990696	0.9681963	0.968197	0.9943415	0.9887459
0.9897693	0.9657825	0.9657832	0.9937391	0.987556
0.9905109	0.9676737	0.9676744	0.9942241	0.9885125
0.9922365	0.9745171	0.9745177	0.9952229	0.9904907
0.9920267	0.9730182	0.9730188	0.9951386	0.9903207
0.9886405	0.9621979	0.9621988	0.9930386	0.9861725
0.9929886	0.9768573	0.9768578	0.9956935	0.9914222
0.9914663	0.9713235	0.9713242	0.9947849	0.9896234
0.9924156	0.97467	0.9746705	0.995358	0.9907561
0.9916745	0.9726053	0.972606	0.9948811	0.9898133
0.992024	0.9727876	0.9727882	0.9951468	0.9903394
0.9933735	0.9783848	0.9783853	0.9959147	0.9918625
0.9920337	0.9732593	0.9732599	0.9951304	0.990307
0.9886477	0.9625161	0.9625169	0.9930279	0.9861496
0.9918645	0.9735712	0.9735718	0.9949784	0.9900062
0.9908909	0.9689687	0.9689693	0.9944555	0.9889701
0.9907013	0.9683105	0.9683111	0.9943396	0.9887428
0.9899658	0.966739	0.9667398	0.9938437	0.9877619
0.9927692	0.9746141	0.9746146	0.9956337	0.991305
0.9891774	0.9624058	0.9624066	0.9934464	0.9869777
0.9916744	0.9728704	0.972871	0.9948656	0.9897834
0.9920506	0.9740247	0.9740253	0.9951017	0.9902508
0.9899721	0.9672435	0.9672443	0.9938202	0.9877162
0.9914589	0.9708487	0.9708493	0.9948032	0.9896597
0.9912872	0.9712511	0.9712518	0.9946482	0.9893506
0.9922188	0.9738875	0.9738881	0.9952433	0.9905304
0.9929966	0.9772486	0.9772491	0.9956772	0.9913908
0.9910855	0.9699337	0.9699344	0.9945576	0.9891742
0.9899593	0.9665974	0.9665981	0.9938457	0.9877668
0.9926024	0.975104	0.9751045	0.995481	0.9910025
0.9912585	0.9697411	0.9697418	0.9947028	0.9894587
0.9903432	0.9680803	0.968081	0.9940701	0.9882098
0.9880952	0.9614296	0.9614305	0.9926452	0.9853976
0.9933621	0.977918	0.9779185	0.9959318	0.9918958
0.9916566	0.9721742	0.9721749	0.9948899	0.9898317
0.992407	0.9742854	0.974286	0.9953697	0.9907822
0.9920284	0.9729245	0.9729251	0.9951431	0.9903328
0.9895637	0.9642728	0.9642736	0.9936566	0.98739
0.9893844	0.9641569	0.9641577	0.9935216	0.9871255
0.9927855	0.9756045	0.975605	0.9955997	0.9912359
0.9910629	0.9687117	0.9687124	0.9945999	0.9892565
0.9922152	0.9735673	0.9735679	0.9952569	0.9905573
0.9922157	0.9735892	0.9735898	0.9952556	0.9905559
0.9910983	0.9705346	0.9705353	0.9945359	0.9891311
0.9907199	0.9693474	0.9693481	0.994302	0.9886647
0.9895891	0.9655879	0.9655887	0.9936074	0.9872948
0.9890245	0.9636827	0.9636835	0.9932622	0.9866146
0.9907091	0.9687561	0.9687568	0.9943237	0.9887102
0.9916506	0.9717673	0.971768	0.9949077	0.9898643
0.9918341	0.9721705	0.9721711	0.9950293	0.9901075
0.9922285	0.9741105	0.9741111	0.995239	0.9905223
0.9935546	0.9786106	0.9786111	0.9960469	0.9921243
0.9895859	0.9654804	0.9654811	0.9936141	0.9873015
0.9912822	0.9709056	0.9709063	0.9946618	0.9893798
0.989771	0.9658853	0.9658861	0.9937376	0.987548
0.9916564	0.9720943	0.9720949	0.9948957	0.9898397
0.9911038	0.9708205	0.9708212	0.9945268	0.9891084
0.9916857	0.9731087	0.9731094	0.9948607	0.9897739
0.9910987	0.97066	0.9706606	0.9945302	0.9891181
0.9948921	0.9834175	0.9834179	0.9968463	0.9937124
0.9901415	0.9670722	0.967073	0.9939648	0.9880013
0.9901529	0.9673708	0.9673715	0.9939585	0.9879874
0.9903141	0.9665621	0.9665628	0.9941259	0.988318
0.9922339	0.9744198	0.9744204	0.9952261	0.9904973
0.9922322	0.9743426	0.9743432	0.9952294	0.9905031
0.9926077	0.9755302	0.9755308	0.9954625	0.9909658
0.9905189	0.968011	0.9680117	0.9942123	0.9884911
0.9894112	0.9655432	0.9655441	0.9934707	0.9870188
0.9903635	0.9689686	0.9689694	0.9940355	0.9881412
0.99184	0.9723151	0.9723157	0.9950274	0.9901023
0.9924209	0.974957	0.9749576	0.9953455	0.9907338
0.9912897	0.9712797	0.9712804	0.9946473	0.9893514
0.9910829	0.9700117	0.9700123	0.9945516	0.9891622
0.990726	0.9695174	0.9695181	0.9942967	0.9886556
0.9914443	0.9700223	0.9700229	0.9948311	0.9897148
0.9920502	0.9740238	0.9740244	0.9951024	0.9902504
0.9905308	0.9684643	0.968465	0.9941982	0.9884627
0.9891931	0.963417	0.9634178	0.9934101	0.9869046
0.9899743	0.9672061	0.9672068	0.993824	0.9877239
0.9912719	0.9704863	0.9704869	0.9946753	0.989407
0.9905313	0.9686891	0.9686898	0.9941861	0.9884394
0.9907038	0.9684605	0.9684612	0.9943341	0.9887319
0.9895943	0.9657736	0.9657744	0.9936019	0.9872828
0.9905203	0.9680153	0.968016	0.9942139	0.9884929
0.9914738	0.971894	0.9718946	0.9947602	0.9895745
0.9910966	0.9705289	0.9705296	0.994535	0.9891291
0.990518	0.9679612	0.967962	0.9942152	0.9884949
0.9888171	0.9624998	0.9625006	0.9931616	0.9864159
0.9895714	0.9648019	0.9648027	0.9936374	0.9873497
0.9903474	0.9681613	0.968162	0.994069	0.9882074
0.9939371	0.97998	0.9799804	0.9962757	0.992579
0.9924183	0.9748237	0.9748243	0.9953515	0.990744
0.9908807	0.9682859	0.9682866	0.9944794	0.9890194
0.9901345	0.9665396	0.9665403	0.9939865	0.9880448
0.9914702	0.971336	0.9713366	0.994787	0.9896282
0.9907113	0.9688768	0.9688775	0.9943187	0.9887012
0.9933511	0.9772029	0.9772034	0.9959595	0.9919513
0.9871489	0.9578915	0.9578924	0.9920882	0.9842996
0.9890287	0.9639511	0.9639519	0.9932508	0.9865919
0.9939341	0.979971	0.9799715	0.9962739	0.9925754
